%YAML:1.0
---
rotation: !!opencv-matrix
   rows: 3
   cols: 3
   dt: d
   data: [ 9.9991739539065472e-01, -1.0585307651731529e-02,
       -7.2906554634824044e-03, 1.0557467680896909e-02,
       9.9993687000090292e-01, -3.8465424687859720e-03,
       7.3309120398371364e-03, 3.7692538672197211e-03,
       9.9996602464981210e-01 ]
translation: !!opencv-matrix
   rows: 3
   cols: 1
   dt: d
   data: [ -5.1109062121551016e-02, 8.0655803946114808e-04,
       2.2685443312801326e-03 ]
essential: !!opencv-matrix
   rows: 3
   cols: 3
   dt: d
   data: [ -1.8037277417858725e-05, -2.2653609960691708e-03,
       8.1525668848190320e-04, 2.6430329779135271e-03,
       1.6862979038343738e-04, 5.1090786498144657e-02,
       -1.3460736855986115e-03, -5.1097297941518759e-02,
       2.0247351476737954e-04 ]
fundamental: !!opencv-matrix
   rows: 3
   cols: 3
   dt: d
   data: [ -1.2012276062560079e-08, -1.5062841424876807e-06,
       5.1105099953700393e-04, 1.7594868917910778e-06,
       1.1208123806148762e-07, 1.1886549407724449e-02,
       -1.9086046069813015e-03, -3.5443287924559710e-02, 1. ]
