%YAML:1.0
---
depthShift: 2.0772740309032081e+01
