%YAML:1.0
---
cameraMatrix: !!opencv-matrix
   rows: 3
   cols: 3
   dt: d
   data: [ 3.6296379486631849e+02, 0., 2.4737823603491182e+02, 0.,
       3.6353660006713943e+02, 2.0647717186615176e+02, 0., 0., 1. ]
distortionCoefficients: !!opencv-matrix
   rows: 1
   cols: 5
   dt: d
   data: [ 1.1536914364520311e-01, -3.6457977894387117e-01,
       4.9091077257421717e-04, -1.7055714801975015e-03,
       2.0336933843339325e-01 ]
rotation: !!opencv-matrix
   rows: 3
   cols: 3
   dt: d
   data: [ 1., 0., 0., 0., 1., 0., 0., 0., 1. ]
projection: !!opencv-matrix
   rows: 4
   cols: 4
   dt: d
   data: [ 3.6296379486631849e+02, 0., 2.4737823603491182e+02, 0., 0.,
       3.6353660006713943e+02, 2.0647717186615176e+02, 0., 0., 0., 1.,
       0., 0., 0., 0., 1. ]
