%YAML:1.0
---
cameraMatrix: !!opencv-matrix
   rows: 3
   cols: 3
   dt: d
   data: [ 1.0839483043104588e+03, 0., 9.5927865380671835e+02, 0.,
       1.0843748495073798e+03, 5.3903714888861793e+02, 0., 0., 1. ]
distortionCoefficients: !!opencv-matrix
   rows: 1
   cols: 5
   dt: d
   data: [ 7.6474129326069978e-02, -1.9171353524495924e-01,
       1.5842643864329676e-03, 5.8813630606802125e-04,
       1.0035737583708912e-01 ]
rotation: !!opencv-matrix
   rows: 3
   cols: 3
   dt: d
   data: [ 1., 0., 0., 0., 1., 0., 0., 0., 1. ]
projection: !!opencv-matrix
   rows: 4
   cols: 4
   dt: d
   data: [ 1.0839483043104588e+03, 0., 9.5927865380671835e+02, 0., 0.,
       1.0843748495073798e+03, 5.3903714888861793e+02, 0., 0., 0., 1.,
       0., 0., 0., 0., 1. ]
